Beer	Fmax1	Fmax2	Fmax3	Fmax4	Fmax5	Fmax6	Fmax7	Fmax8
AlchimisteEcossaise50x	3507.17568087657	4458.8231294526	2154.16728664534	1612.56169463777	1517.97414067825	735.083010969999	855.636252720457	313.710178677172
BGBrumaire50x	5173.65555868635	4910.41073406547	292.106080120366	328.416191005454	267.337294626882	441.950940771827	109.138097460997	188.117405902642
BorealeIPA50x	3689.33403578551	5983.5891086463	1214.59511855043	643.432539428904	507.68794319835	361.923563303986	202.362106635059	176.102545046349
CharlevoixDominusTriple50x	4294.44953671415	5601.42790411923	813.84369460003	332.396505779691	219.900010250382	298.127904788567	81.4628417193966	187.423637835106
AlchimisteIPA50x	2293.64334040641	3481.12385998507	1419.96096692064	878.785208388166	751.380837433468	521.086028335368	361.979192339004	160.580675127683
HopfenstarkGose50x	2161.68587534318	2439.58143960803	2215.1416007128	128.519073567542	70.3529828779762	0.317262018306979	39.2690679710886	64.7685431864936
BDMDruide50x	4051.71845820914	5667.54063129109	1198.10156631235	753.84114564533	592.534800492502	470.410170750142	294.835159512641	157.168036619218
SMRousse50x	2445.59469180064	4518.52226891472	1792.719201184	1023.0031314107	841.47572550271	437.690436832657	494.514985535421	173.896914519123
BeneluxCongo50x	4098.9052916234	6268.53606666784	1262.35868829173	647.207448304119	482.233212930873	522.962533234303	215.422059412695	252.594557077359
BorealeBlanche50x	2554.92250598003	3704.38477243513	827.18150468473	282.330264130943	140.260512603175	96.4157930298344	66.5410310476816	116.449299737521
BeneluxMarginale100x	165.630825087928	3877.28194148161	3057.85509744387	1911.43343908966	1275.21227153594	644.819559801224	698.485432863632	22.1277886924152
LTMGrandeCuvee100x	3239.00185933258	6924.78562793781	3287.45421539673	2449.36754555836	1943.81618477223	1091.23586312155	1078.6717437782	222.700183251632
BorealeBlonde50x	2836.36877035182	4269.80500662258	891.140795464255	322.715574949983	207.126858323347	108.974795949884	94.7931793818067	132.514094304976
LeCastorYakima50x	4219.79132753304	5381.30227949143	792.167568947208	463.598381231343	330.694421635446	309.821676500445	119.090905281301	224.70314084676
BorealeDoubleBlanche50x	3688.23235439691	5260.07709650027	1236.58537684207	562.207486976134	320.291537004394	179.437143007695	135.066408311046	151.470708386509
DDCSentinelle50x	2937.14881487659	4563.78773229871	1001.51840166009	308.111532988738	178.220871684646	89.1149048765513	90.3348939642264	191.553965178136
BorealeIPA50x	2443.15885445459	4221.00704638113	1358.61396066454	657.742302653685	393.797236190671	177.642832245184	195.15156712024	98.9792719474208
CharlevoixDominusTriple50x	4294.44953707274	5601.42790403491	813.843694367009	332.396505893698	219.900010305639	298.127904635982	81.462841706728	187.423637745991
BorealeRousse50x	2898.73321605069	4671.72884723899	1177.35635993743	597.979591415795	427.537084436585	242.15812246239	202.977272778859	140.803097547636
SMSaisonSession50x	2146.25016997489	2616.73411154612	452.28064357015	161.450036794161	100.040755058462	170.477453355944	45.4370225031913	69.0117872445815
DDCRigorMortis50x	3723.88329201154	6256.32093165794	1850.68705385065	993.970304558926	1009.60327294049	826.321957449108	517.939478180099	302.888915950227
DDCCorneduDiable50x	3321.91316472038	5263.38834661775	1948.11366794021	949.372896787315	881.407466485068	622.072374865743	416.078888924541	239.954724177945
DDCRoseedHibiscus50x	4687.71131071311	5121.9661360372	1705.52604061227	766.236269321088	301.312470909749	78.8511059216028	101.663000670376	255.512946962216
McAuslanPorterBaltique100x	3253.2695592677	8742.83858806709	4954.95852691589	3002.48066125658	2972.50933020239	1274.67141694031	1585.3072314729	623.580537655947
DDCRoutedesEpices100x	2735.13489414887	5854.3340075235	2045.69498297979	1080.09000397596	813.153588178358	520.869804926415	461.340730884486	171.104298001683
BockaleScotchAle100x	6328.29325959832	9682.61063413043	2893.56330966869	2149.81220165332	1695.33113155984	935.514229300956	801.90333753179	265.75041495715
FramptonBrasseNuitdAutomne50x	5204.81180304293	10061.1533872787	2999.48954792046	1109.13518638573	2458.92782508894	1278.57928063975	1259.12865405167	1279.92596240354
HelmHutchiBlondie50x	4583.02474552424	5851.67346604262	628.600013832664	386.692291870846	278.676646349268	262.884863771692	119.411598406437	229.952502455582
HelmParc50x	2000.55518914308	4366.4981924119	1273.01119407514	820.484851334614	672.720603348265	542.134304880728	344.910884583663	152.475478211604
HelmVanHorne50x	3785.30185673132	6181.84284513453	1334.34258638704	861.344996484581	764.42435402275	896.885637257764	304.758852244182	299.339741844154
JukeboxNewWave50x	3502.15798945024	5081.13404721396	850.680145004737	348.542252492592	201.573212468172	213.115934160159	93.2585957225097	184.054373695272
EspacePubliqueBalcon50x	1531.50580880904	2116.05978139788	1194.47336826983	151.285925399465	105.740980262099	54.2643364947301	64.4922308881169	113.140464734353
LTMAPA50x	1952.9275628746	3842.77389328832	916.794094801601	412.087100504515	264.159593041193	381.446707551512	122.105950764972	169.506078575527
LSJGuimbarde50x	3163.91000926981	3253.29843193661	839.431425603078	549.864876486461	418.791652400767	276.610665317453	247.656247243997	155.56012047457
LTMMaibock50x	5680.29900680969	7644.37146543377	1235.98293470955	607.61698673597	431.25132019045	584.530214704997	120.028601098681	259.076647690501
VoxPopuliAnna50x	5939.03625836923	7091.26807609585	1104.84884189034	641.336190150315	663.676856955251	636.498815071239	264.45805929589	388.407778180465
MonsBelge100x	4200.14033933948	6634.89685895133	2376.36436892673	1663.44043426497	1162.62567759329	644.822757238994	586.100844726188	187.726348581955
BilboquetBrownAle100x	2038.26643719281	4190.76045821439	1917.1795078685	1324.82265350404	883.761403192477	569.68812051321	447.885726311593	87.1427585635055
SMIPA50x	2852.79386941521	3639.36235061447	996.102342240336	842.614440617397	350.801515864774	230.99968457439	97.797773484118	130.986470878109
LTMRousse50x	3030.87758576698	6076.07283924961	2142.18808564592	1230.55344373639	1093.17710382501	803.812784541011	510.473005243576	188.768503122226
AlchimisteRousse50x	2914.98602966727	3871.0903114802	1175.27053652696	658.917735084311	520.195570968685	359.759947091465	247.293113545808	128.839372459545
RDBBunker50x	1897.83036235841	4189.81394931847	2924.98594457867	326.959494071654	244.176016204578	168.429188035355	92.2378689342544	196.831082899549
LTMGose50x	4614.28591042712	3723.73081512463	320.344832606179	269.615312305374	275.639305014037	429.259189444488	150.28257009862	303.074300924689
BDMExploite100x	757.755437147207	5733.55442616305	4953.64724301881	2389.12633124765	1637.23581726043	987.937506180415	772.741217933822	0
HelmStViateur100x	159.2459300988	3830.43435033785	6634.94041751105	1398.52429267208	863.150422211469	301.580283262218	502.675770466669	75.1567655538808
DDCPenombre100x	2251.45948547506	4679.14887829312	2692.6194409235	1120.89656537424	670.274012347547	323.250286258928	341.292416446144	89.2793499820721
BDMNectareus100x	3696.32887434308	5385.65560568514	1846.33416834178	1203.95841969604	1059.86343576919	559.678902097397	550.442951074519	227.909599377974
BeneluxCuda100x	3554.62654482323	5815.20830714341	1648.37511084394	892.616889422086	712.126498987924	653.826396869342	316.726556054656	277.794542891362
BeneluxSessionPrintemps50x	2317.33706265386	3927.44002863061	721.204726430575	291.30919768015	200.174188002015	209.906249975799	86.4334369561783	157.670642543958
BeneluxCongo50x	3414.01666661151	5267.71601106268	1111.98295581372	551.638627535412	392.392482869982	421.045211401939	184.477176651114	203.88803584912
BorealeIPA50x	2774.32963152915	4704.15161994022	1230.48164598802	520.963971126979	387.873227211382	228.590271156883	180.959336060135	138.908605357662
DDCEquinoxeduPrintemps50x	3499.6180068682	6803.97880901553	4891.22483601924	1648.220870078	1730.42100130359	742.248341380742	916.286519717269	452.551967568644
BeneluxEnfantRoi50x	3241.95770102172	4207.29920944873	1101.36427236577	299.124493124943	221.456658072395	342.443387547345	114.247716939585	201.307523148735
BeneluxGaia50x	2285.24304844406	2351.0187342457	1481.32188891028	240.426864728975	100.128567330234	126.309362955646	37.9749722869184	103.868548270213
PitCaribouBonneAventure50x	2503.9695548166	4914.70869483045	2192.07799209258	1399.24665787947	1213.39621531405	626.319189981473	627.086386032903	157.625674008716
BorealeBlanche50x	2435.6553190178	3545.1676789859	779.106517370664	273.174147377045	134.383148469813	92.4302156777989	63.4427745123466	110.524558722271
JukeboxJazz50x	2649.46010419704	3898.08592668844	1199.00636736344	803.26656763209	688.952049288082	518.949442972516	244.557236401755	290.592372566759
LTMPorterBaltique100x	905.56798682359	4257.80238635017	2733.12719953851	1987.97532788908	1466.55478013146	975.957946056881	797.486663577184	0
LDFAmbree50x	8325.87415935839	5758.48730145995	0	760.799357296292	724.283229018066	818.183486567883	357.271403880641	267.186903831959
PitCaribouBlanchedePrato50x	2694.76846744158	3144.55282237635	1170.36957225431	310.574251731929	183.391829126084	320.259449682096	71.1006390077546	110.195002757142
MolsonCarling50x	1676.1999830319	2359.45273267203	468.205416557213	213.743191173092	136.310242824575	110.126217608842	54.3991812946959	72.3855291377807
LGBSuperPause50x	2761.73688633358	4169.79781457984	798.32075115003	321.157590533696	205.56965028616	197.25802556289	86.0274371720216	152.23818274237
StBockMalediction100x	0	3314.83552563047	4335.56341812172	1947.14838486979	1332.10883115833	654.328938589732	707.647322584379	0
BDMLoccasion50x	1627.98250580374	2728.02383969541	1366.65833107925	205.254328829121	125.566466200853	162.871347171289	60.9065368466511	124.424315397069
MolsonBelgianMoon50x	3327.98036999131	4334.85604396776	668.111465678829	433.276276415036	303.084552162626	669.937226962109	114.24766474906	151.410401950062
RJDeathValley50x	4247.99834702402	6280.69909049227	1186.34004936162	563.988627080708	490.827161872254	759.012829559762	171.623176476497	223.454905343664
RiverbendBerlinerWeisse50x	3833.04264338697	4302.84880594183	1130.94967346481	349.515443120208	397.55023954008	234.837768941508	257.962812998881	248.456348559759
RJLochness100x	2709.26953933616	5774.50581339734	2802.75528503522	1617.23830032831	1401.34664411356	1018.17897953302	725.710459701382	234.139808141223
RJBlondeAchouffe50x	1918.94017423752	2663.03000843049	552.381624573146	209.808238407006	162.986686618178	437.187270080533	58.6540389569746	123.717735778168
RJBruneAchouffe100x	1174.32897544473	4478.12466677071	4384.44579759111	1393.22336329686	1182.54858728429	996.79309429934	609.522853044807	253.367198231561
DDCMoralite50x	4571.95844196439	6114.96799113134	919.604463955368	477.251113457968	363.188346651986	352.610165919492	133.153705783944	208.230271249665
UnibroueUBlonde50x	1170.29656727225	2536.45766786756	1329.89544055808	255.506708659308	178.464922721057	46.8967061497831	86.7753651099731	99.6500458185252
BDMInterdite6050x	1743.89400761276	4417.22663731245	3697.02602825376	365.50559277426	285.489696464287	175.122090243415	99.9334283253746	193.28678928197
StHoublonVinOrge100x	2802.49041397246	7040.46389523197	5313.84959661561	1323.14947536016	990.92458852114	778.042560825212	451.880497865881	267.138377389392
StHoublonIPABelge50x	624.928610303683	1828.11638094837	443.685772517698	221.650688213671	132.746860793137	707.056191400528	60.1606973553925	314.969234673879
StHoublonHefeweizen100x	2816.56233091769	4056.58962214094	1762.06082074712	548.061700392006	421.359043355622	421.359190362461	200.066023426513	103.801331479357
BVMRousse50x	1959.35587503584	2990.03987636007	1446.00931271113	868.938476521342	702.671871328123	527.181917527994	384.376950471787	147.986412359239
CharlevoixIPA50x	4346.89447192708	5647.43104532304	883.179394337993	300.782495140794	209.105158477835	463.289892495791	69.9106515481621	201.726600288441
MBPGrosseIle50x	2850.38742911958	4858.15231446476	1432.55064764313	759.117541269651	583.03793402682	290.638551231414	296.451695406971	181.328234905233
AbriTempetePalabre50x	4251.57046026529	3751.98794607796	759.517564778434	268.420558277011	149.905664111933	182.31067764506	71.6303078007724	169.375462566449
TDDBoissonDavril50x	4824.91648755803	5386.73870236821	666.911429632811	250.22018523925	170.817492169971	205.966800262662	72.4986333059359	155.227962359271
VroodenSchwarzbier100x	1588.83702887463	4391.91235716996	2644.03072160572	1817.54327330643	1304.19017274159	641.22264534336	671.741107261451	13.2223904553109
SantrolpoMontrealaise100x	0	339.450324681057	989.429365532016	1384.24636137798	941.644076640173	951.482401386817	593.725432356091	0
BarberieBitterPasseeDate50x	3108.13997150333	3923.65306945483	1093.4422082944	792.193465169604	704.503682494113	397.640696677163	355.408713944011	219.666825056807
GrimoireArmure50x	1998.8848291808	4861.14731811609	2945.75290298387	907.171397971552	829.144875605907	356.089284906105	406.594530757517	273.929337235682
GrandeAlleeRoseePaleAle50x	5994.59196024421	4968.85060392719	135.578783105531	381.929602117058	371.953165042307	373.5652550732	191.218459802641	359.829258040294
BWSeinDEsprit50x	918.607978419315	3376.61658930616	4117.13020160403	278.948539532096	219.824378577859	94.1417752982335	95.5173832275221	171.654821889516
BarberieCuivreeAuThe50x	3237.7819630591	3751.03929808717	632.671964429831	497.534029435642	492.669532229784	371.090319150105	235.920350369679	242.574402183206
AbriTempeteEcume50x	1968.04265059935	3119.71603446962	796.614500789584	307.277635172176	197.842456933129	137.888986633264	84.0898769440471	143.051781448862
LagabiereSouthshoreIPL50x	4052.42648104533	5381.05871990139	892.021059532055	401.441964880778	286.727318126203	371.661559877885	101.69922157885	243.084626375236
LesFreresHoublonSaintSeverePasseeDate50x	1139.17174841635	4624.0719968156	3489.55787756243	426.568815850575	402.173349578197	438.88714912257	68.5492519020916	307.766520106977
BDMCelebrante50x	3569.30797750155	5186.96745725475	2316.85257513279	368.710475896867	314.274912384098	351.822361127824	122.396352243753	236.54242896559
BockaleIPABlanche50x	3281.17654698264	3589.4947916986	1071.03370051673	313.677392687357	192.982418807126	168.548924422866	84.876431964595	158.741719251607
VroodenBerlinerWeisse50x	1309.86789883305	2709.46044595532	3081.66948433872	123.119501162212	49.9684244061571	0	55.0454082571908	72.4824227000459
LSJGrosMollet100x	171.450955938604	2976.92290115704	4009.73713052688	1294.52871957855	1090.3846754677	478.141542108521	669.526720611088	201.619452575808
BDMTrinqueur100x	1865.89850540937	8727.87793039949	8275.7378245515	3429.10548788981	3232.91644064839	1484.93543438801	1561.22457592934	386.977111623635
CastorWeeHeavySpeyside50x	1439.44766841805	5984.90974464062	4375.05062194526	1244.43869996023	1169.41222649375	581.550107773071	496.750177227892	281.156127028302
HelmBernard50x	3493.79812721978	4616.60377283398	769.372078807775	518.08661243631	394.952121378641	409.02696684075	186.590044374708	192.559795004062
HelmHutchiblanco50x	4176.05191695337	4325.64706031425	1334.17235713975	290.869985137167	164.294242284026	277.867021032973	73.7127941321869	186.771108964512
BelleGueuleRousse50x	2719.23636976336	4700.60120581769	1345.20513679918	778.012086219684	604.35737860439	392.070452609621	296.932407254819	150.028751856801
UnibroueFinduMonde50x	7185.19109635291	6667.89700900166	967.911882258087	393.651717625457	754.469962252306	545.3563016544	264.789742010291	585.796331636209
JFCidre50x	172.041739263611	1416.16820100308	32.2675317954315	25.1406184476254	0	386.119376221176	12.0495265192859	159.691235612463
McAuslanCitrouille50x	47.5673976576645	6207.78898971501	5305.78618866117	923.590217840036	883.586407242998	1085.91109183822	447.028847209554	270.713392555229
BGHanami50x	966.941775340603	3281.98962287989	4916.54947788297	183.410989980841	97.8206818667423	0	66.3928407965588	127.119707233406
RasLBockPtiteVingnenne50x	549.798740827551	1980.83585722788	3615.76790481034	156.81442258621	103.988328336315	100.342565931798	45.6082517860512	111.415712594178
UnibroueMaudite50x	762.541387909771	3770.5976623957	4470.48659199878	513.850371366195	438.868413772443	330.782254768403	205.159593670902	219.303828250464
TdDSangdEncre100x	1426.0905669835	5316.51966311842	3367.8890406777	1410.93426734392	954.596604131929	521.146394521366	457.971940537639	85.141828789792
BilboquetPeaudOurs50x	3563.78341214798	3947.9589744883	1176.90546442206	671.294141164683	495.782187909813	342.948107254201	250.045157937251	185.281882554153
MilleIlesAPA50x	2105.52551759235	4019.37956028347	962.758871295306	425.022629411213	288.379280386014	409.19595100657	125.232809155959	180.937611058131
AvantGardePerduDansMalle50x	5836.97949537761	7288.83519040259	1008.96553169737	394.578157855898	297.001701590496	470.442510123691	165.342131806311	254.842269781976
LeCastorSessionHoublon50x	2731.39498791354	3377.17421259098	962.748083436471	475.268100052247	407.899216727057	360.337878992358	184.779429523063	198.312586542483
BittATibiKristalWhite25x	2528.1380533299	3042.35991807084	2444.56658950183	258.985513220014	212.759298471565	366.234220148992	75.8673529184168	116.787357768886
AbriTempeteTerreFerme25x	5960.74459811143	4274.99842285597	0	510.772514097797	609.454731664439	739.721147714795	210.957727841866	277.824569251826
LSJTanteTricotante50x	3866.45316894577	3586.24440651205	1545.62880101263	256.905024139664	167.472793011311	290.480262036288	75.2227899078656	197.202060336265
NaufrageurBrigantin50x	4279.79519929125	8553.16624629312	3113.8776248289	1491.5344859318	1431.16477404867	1254.61992540688	493.323882901132	419.578536398874
SaisonRosemont50x	2306.19318686074	3554.64203972323	905.514994708865	199.251338602275	97.1103157282053	286.435210440933	51.751916029021	122.58492750877
DomaineBerthiaumeLEauClaire50x	2846.34621175864	4494.31384534734	1215.11510359388	559.766005273139	405.055201209154	510.499946910531	152.178054017368	264.624945715583
DDCPtitBlanc50x	795.714195287682	2242.09295576192	4952.0249464296	313.508422773383	163.130134857987	91.8238977487377	89.9038013875588	173.410861544198
NouvelleFranceAmbreeDeSarrasin50x	3030.11406222596	3273.02830823507	629.247730491415	428.471039431682	418.045421491851	374.570986729051	168.440185120109	236.139658553474
BVMBlonde25x	2480.49091555514	3036.41280374259	969.047478153983	283.860254295516	172.076848635647	114.858136807524	75.0732962862436	149.27893052025
McAuslanBlonde25x	968.600045134102	3875.53319383396	4367.16021723881	486.092075569357	460.391706992104	151.647584819793	200.842271990697	223.352199875504
McAuslanIPA50x	1368.25143359571	4857.79232572917	4287.48334557643	577.398466623993	497.010256431316	386.113218457095	202.897330618411	258.536115068745
UnibroueBlancheChambly25x	1078.81037664146	3309.1949372763	4428.28091295049	278.86180880009	261.135476535508	144.273086382572	88.711525525436	166.853497602618
CanoePaleAle50x	3694.75436330415	4249.97763611712	1240.35646568135	869.29607866119	769.597045922524	622.67781878039	328.006988864799	185.820473547061
PhilipsCitriCity50x	3605.24740936931	4521.33308241744	1093.28000064337	532.981549498927	417.429091268842	329.440472177501	187.949037763733	183.43950129364
PhilipsHopCircle50x	3441.06990004349	5100.0270824813	1083.36364271795	619.904902444699	473.881478244416	387.336788804243	206.899617716597	231.343978337058
PhilipsLongboat50x	587.783664510297	3080.21219398132	3186.19975141039	1059.02651283407	715.487355610882	355.524077617118	368.359495876217	97.6333599838964
CharlevoixImperialeStout100x	2681.26606626531	4558.03944908724	1880.33577815577	1459.49080254419	966.228418829049	495.248553691697	511.21634180314	76.710869509032
BorealeCuivree50x	4780.21532058286	7647.65795471559	1632.54341843037	573.472202734089	425.207390835842	210.470059832151	175.68986023065	221.96533236778
SuttonBlackLynx100x	2505.8955080436	5191.0460286117	2957.47432875917	2220.25354970475	1389.92853206175	717.260493906457	731.113141650551	0
RiverbendPorter100x	0	2998.36113936628	3690.80126819748	1384.71629432722	1006.89591816322	504.942193663497	490.111492506352	112.914144486405
EspacePubliqueBalconFut50x	1596.25251030053	2193.84101621823	1019.16051525896	125.109138120217	82.3956186446421	90.4687822137528	46.8510081105665	98.0901246315629
LTMStickaltFut50x	2096.58680026643	4978.29872517808	1921.60913542459	1264.17109567501	1075.82097878681	666.402359823291	549.294212511039	173.122153854206
TdDSaisonDuTracteur50x	3883.68747839738	4588.47163735432	855.168614601777	291.700621980712	228.601211911647	371.978683054013	100.397650341572	153.996096714429
CanoeNWAmberAle50x	3366.93788011887	4719.57512604277	1270.98019343093	1062.95317702973	978.412392037863	898.008055850295	417.001413418041	159.534708247006
FramptonBrasseSieurLery25x	4349.92968644037	5090.13548764899	517.347260760168	309.61585565489	317.345560593822	329.19882692987	99.9869187873582	190.251603029411
NaufrageurColborne50x	2929.87823792543	4432.71812303906	1506.52820816859	977.575755788584	840.066803066143	740.664703421237	348.000169324781	160.748748740838
GrimoireVitale50x	2014.06888278924	3227.45002695736	999.556913965541	311.450737900259	264.0514793877	150.179834381329	124.83082681401	212.043628738895
LoupRougeWitbier50x	675.44315845591	3487.48549748786	8771.83239171396	390.508311971628	270.6638361244	0	104.741916544907	158.986730061331
GlutenbergAPAFut50x	375.408841079838	1730.78938595131	872.786364052491	311.83328775615	198.599622204981	344.260735143789	103.063357257982	192.360250134306
CanoeWhiteIPA50x	5314.30085857772	4190.37751778497	473.310180242686	343.693586331331	266.583386495251	563.742725275606	97.6746669299273	201.451328010369
MillesIlesBestBitterFut50x	573.660337216796	2723.24892666347	3712.41561530345	530.861947175852	386.481553398878	199.551575972518	192.140106680472	135.324088760234
PhillipsBlueBuck50x	2803.4091699605	3984.86216902231	1158.06320202677	627.64751573626	522.863331768801	358.655420155978	264.96303406242	184.112107452556
HelmFairmount50x	722.120140114974	4000.43645663879	4188.30203905901	612.326595805917	488.43053180837	764.461516260248	179.903706018231	234.060095684792
HelmBloomfield50x	3185.64465337017	4131.92834709245	1068.63859386071	393.070430963686	240.51870721594	599.413068487614	89.3566061358713	173.520605009848
HelmSurelabrosse25x	1573.0702283473	4482.59481132041	4850.20053945109	185.261651504361	170.999017984679	0	108.466319846068	210.421920190087
SpinIPA50x	2255.97214140252	4707.29485170321	2087.95990035638	454.642954584849	313.002944884261	273.972005687735	120.860471387241	153.461769070803
HelmMildThing100x	0	2005.72271783671	2730.33218542246	713.321741667324	428.806177641371	230.70220151974	233.359319726835	44.2781022845793
HelmSmash50x	3675.85650783355	4069.49506290304	417.584879226967	321.219323863618	213.209154440186	267.907228068802	88.9510186287742	118.680621983765
HelmEsplanade50x	1779.10104880944	4521.74725464049	2498.09813272944	444.950830467755	277.567945714949	485.599158791376	98.5590384930496	207.646940525617
HelmCasgrainator50x	5247.4187749558	6392.25181606987	1672.11629420487	1171.23238459869	1025.6266340389	791.52004894242	412.338651374364	256.882794997378
HoperaBrownAle50x	3957.42772251651	4331.52067341953	1358.54128806527	1278.08778916321	1071.10738640768	565.959191555047	546.970968139043	202.857905114066
LDFImperialIPA50x	1250.90186891096	4908.44528193963	4435.56031550163	981.21124093265	803.337152678673	389.355263252545	366.483479249513	244.381183810355
BittATibiPaleAle50x	3621.98286582446	4987.27205316129	1320.02943047888	709.774435490743	601.543048590103	344.708070931326	282.667829314912	171.56426646278
MultiBrasseAmoureuse25x	5983.3964851418	3949.22556982863	0	158.614524271603	207.420571050881	475.105273697202	109.705446024567	206.634850286993
LeCastorFarmhouseHoublonSaison50x	2947.91223523206	4677.93568369583	1080.61051313496	477.148885572189	463.552870766575	196.428536462119	191.165816783106	205.357825259104
SpinPaleAle50x	3029.89937313051	4440.45034551482	1217.77675657894	489.332254623369	306.025494799306	270.62792225781	129.219745682609	128.016303732284
ChouapeRousse50x	2400.483485494	3917.79027062127	1496.37183567427	966.129952245534	768.228454611948	506.658717148134	392.457479243601	138.320761569136
CorsairPorter100x	1917.58624360932	4245.01523768118	3133.33677261765	1635.87223577639	1192.56248292218	669.901664528114	629.308469703055	106.891747485828
LeCastorSanctuaire50x	4752.16884026066	6306.65109029799	1322.79866590873	551.052817235432	606.119580771301	384.720416324316	266.917603749386	339.667229669438
DunhamCyclopeTheta50x	3197.31268372028	3852.47843140795	563.21076580692	236.823420605038	127.378589997907	225.284424182866	54.0085241768375	164.392614036446
DunhamPaul50x	3861.8266884392	3994.26951683886	516.356673619405	368.34632905266	297.09762593419	438.411238594594	112.426946613639	165.981479586377
GrimoireGoliath100x	170.145068155856	3255.87238487164	4078.37962158692	860.217306316191	592.64993211248	285.606170887869	318.266233551801	110.363949977714
LTMSaisonBrettFut50x	2704.81571795121	4430.34785891211	1671.06947503157	469.823391866817	431.955873253576	381.511911407249	194.889053865162	276.749284668647
CanoeLager50x	2952.51307932652	4841.98219867536	892.413570381784	462.912657336182	329.489845130255	314.650496710099	127.961566645527	170.68416375383
PhillipsKaleidoscope50x	2409.48985838659	2973.11037984598	890.015214467823	440.692493658643	323.508604553706	265.213585824448	157.435236667536	150.598459612918
BDMBlancheCan35550x	1589.98223363672	4134.18663641169	4952.39286417456	422.698089204485	241.043379605322	161.39576705851	88.5835615322185	161.08840784404
MolsonExport25x	548.178758753338	2178.89401205794	2270.26118835414	246.48276024156	156.099552588103	49.183430062767	67.5344312214678	87.5384644540929
MolsonCoorsLight25x	1130.93552571807	1892.85542097413	495.084389748723	185.208438414019	119.828963020401	94.9126576255063	47.0187455888095	61.2180877744878
MolsonBlackLabel25x	1560.11068195853	2277.53390837197	1018.87772667138	225.63184683628	169.521878241356	89.0613660569572	66.8813930839652	90.3598373042176
LabattBleu25x	2323.88888620316	3419.34909521157	823.701888751694	292.280624515637	244.004013615555	164.584701935028	95.0646639474476	168.569798723013
NaufrageurLEtapeDuPhare50x	2176.49885227936	3834.19260764957	729.084687279312	423.461264840092	313.264558707275	815.644198529948	132.682834441217	160.795641147889
StArnouldVlimeuse50x	5185.51981040058	5716.99585209105	1045.67008820223	938.855933088308	882.515802178158	661.26618400359	364.304572803735	229.911760273425
MonsregiusMeridia50x	6206.11102383228	6418.63827187771	1268.25504311285	747.922643759825	827.688673954641	562.710582799142	320.972158089265	361.368956919257
BittATibiBlonde50x	3669.08187087506	5307.53652567982	1045.47944158233	319.323705291757	186.366080904698	85.0591178800823	75.6468262172985	102.672909199577
PhilipsRaspberryWheat50x	1577.01446019025	2903.13055643694	2013.15426087846	207.800754049408	103.836276111306	59.4938978540333	47.7466988361754	136.011766560497
HelmClark50x	2577.69955870269	3841.96764653173	620.014631553102	237.903585309545	110.787975780387	105.686863909327	58.3429451171258	147.750423922612
PhilipsAnalogue7850x	3256.30333182435	4583.16433183846	841.972262674765	248.799012640943	117.301189584193	37.5377225923083	54.1126216065346	151.045690785407
CanoeBock50x	4401.91296398809	7867.21390915514	2161.23691009645	1462.31610673238	1515.84159231659	1135.01472036922	649.400138454764	353.444931084432
RJCoupGrisou100x	2227.88094617044	3991.43032717925	1014.11603157349	450.912386949698	351.195986756038	1041.54865081338	159.358067985543	250.240673197708
RJCanon100x	4083.81809707755	6650.83750052967	1832.58073120928	1035.58607049831	795.208370640994	470.729845801868	372.415849637148	166.275392247457
RJLochness100x	2744.39269222494	5857.88800309736	3006.35922318468	1695.89393269041	1476.62651136847	1044.24165562082	771.439886876457	248.422981630038
RJChevalBlancDouble100x	4379.85793197602	4282.13222616886	1111.45303251077	406.068906591508	307.434277253737	698.357588894965	121.608143847789	147.5483721204
SleemanOriginale25x	593.195769539756	2152.8335821443	1895.35349469187	262.29063627893	151.749229726057	32.5503376709242	73.3403025632824	85.113405588249
LDFPorterBaltique100x	3265.24099566702	7069.38417196224	3185.42739953521	2142.5368755378	1545.48768081834	815.218232427594	775.496478650717	115.115541298937
LDFBlonde25x	3559.36709050234	3776.99981688784	390.985030985735	276.753245568248	204.449951413351	251.593961078795	60.6097954123569	148.28585136919
ArchibaldJoufflue25x	3232.41596585845	3665.86973050053	1037.48794593118	263.42818372356	180.890356084619	186.619377188049	64.3359014872742	130.899893158849
SMMosaic50x	3230.13904234055	3807.07862084535	1045.38319032958	921.727284188749	379.797932732419	236.895136435265	109.373534853503	126.426810460465
CharlevoixDominusBlanche50x	3456.71496003675	3374.05563613684	1594.55720837362	332.007152330123	117.716354620518	122.550052466506	55.0429688516401	88.4351322283532
LTMSaisonBrett50x	3009.01318826578	4620.88437120965	1807.27131109583	489.704640172215	462.668018108831	404.057784062205	211.959181480227	303.668022695975
JukeboxClassique50x	4317.3843976602	5012.26276522511	918.803802318556	450.558213165365	344.306220720278	256.886951422903	129.024588502837	268.173491281893
SpinPeachHefeweisen50x	2368.45317585187	2810.93539974476	484.45901212653	279.746256285189	180.506033551566	386.636001604389	67.7994475257434	99.17225879655
PhillipsElectricUniWhiteIPA50x	3253.22990871335	4410.51993005726	550.792359165721	216.06806730776	106.353838083564	238.241351896548	50.00994370203	153.458856338277
ArsenalSaisonNoireFut100x	129.727276396426	2800.53675252831	2831.13924551428	1133.8084228971	688.387886220785	374.138383976946	325.020770816698	29.5268958658433
CanoeDarkAle100x	1775.21869893957	3971.4230484585	2602.03421122374	2098.01960975181	1873.4313054241	1197.09727136472	1001.04922313428	217.242927407894
SuttonIroquois100x	221.413041005565	4389.37372567158	5565.64061331949	1876.18954126588	1288.07753762397	632.659071527414	632.261447222737	17.0855233970133
DDCSolsticeDete50x	1998.39102481744	4813.31136867318	4259.34298160811	128.384786855964	230.38531252404	542.867260584488	113.534265014623	292.129503055729
UnibrouePomme50x	1131.44488512362	3611.32907416541	4989.01558760512	308.382424082763	306.730934917079	157.070537833565	87.6685102175228	195.889136205279
UnibroueFramboise50x	3126.18594192734	4585.66458615923	1751.67130484845	317.669632255324	339.401597513291	235.893967928642	151.900305292363	238.059966008766
UnibroueCassis50x	1228.42946649757	3592.40745046426	4168.94927409171	298.448989702503	250.630042166481	102.634524748063	89.2287489986199	164.634363603988
LDFBlanche50x	943.113591666199	2458.4307721927	5520.79436825514	210.460435268095	131.469628012538	16.700867356021	72.7246954413277	130.723686242348
RiverbendKolsch50x	3000.1208559013	3716.06451958499	629.207450683499	236.123505188134	129.183456194023	104.35979000836	69.6577788982072	123.101386116615
AbriTempeteBotaOuelle50x	6296.98121427127	6203.58443312464	412.85823534405	376.62910349817	237.255457057444	344.664272014565	85.8600929551134	291.488587233284
UnibroueTroisPistoles100x	956.80397357219	4774.57865165567	5095.03707088574	854.813880146816	723.5504483642	443.166870387732	348.058024508551	225.48476495455
EspacePubliqueGazebo50x	4207.78516420803	4406.65286332489	1824.24441822935	280.096374694883	216.531293016	213.447571219224	127.281967902285	243.915235228545
PitCaribouLessep50x	2653.28378764361	3111.4057377384	964.401153467877	296.884532261832	189.328269619219	193.457499502749	79.1312300094453	124.267289993683
UnibroueFinDuMonde50x	1066.07212533336	2892.19161530164	2987.81019009358	359.448840457183	283.677648629342	298.430961967951	119.087077883141	144.996111255771
VroodenHelle50x	6812.78844446267	5591.7616117115	0	314.56541720636	190.209296964178	317.817399372124	101.261744494186	205.576539358043
MultiBrasseLaRueeVersGould50x	167.641036579199	3257.4898690508	3860.88423058031	835.670309731363	678.895889630929	253.245865450878	339.783482005057	130.446633175794
LSJBeluette50x	1523.51934216363	3664.76234601997	3714.20409701796	220.596492205412	173.894073671697	28.3566980593797	120.500296296415	141.846624698008
VagabondBonBaiserDePrague50x	2650.06406889825	4224.98401623665	789.51132845561	426.133213245236	301.803715949105	207.451119121628	126.341994989026	109.87893071525
